0
0.00458002
0.00916004
0.0137401
0.0183201
0.0229001
0.0274801
0.0320601
0.0366402
0.0412202
0.0458002
0.0503802
0.0549603
0.0595403
0.0641203
0.0687003
0.0732803
0.0778604
0.0824404
0.0870204
0.0916004
0.0961804
0.10076
0.10534
0.109921
0.114501
0.119081
0.123661
0.128241
0.132821
0.137401
0.141981
0.146561
0.151141
0.155721
0.160301
0.164881
0.169461
0.174041
0.178621
0.183201
0.187781
0.192361
0.196941
0.201521
0.206101
0.210681
0.215261
0.219841
0.224421
0.229001
0.233581
0.238161
0.242741
0.247321
0.251901
0.256481
0.261061
0.265641
0.270221
0.274801
0.279381
0.283961
0.288541
0.293121
0.297701
0.302281
0.306861
0.311441
0.316021
0.320601
0.325182
0.329762
0.334342
0.338922
0.343502
0.348082
0.352662
0.357242
0.361822
0.366402
0.370982
0.375562
0.380153
0.384745
0.389337
0.393928
0.39852
0.403111
0.407703
0.412294
0.416886
0.421478
0.426069
0.430661
0.435252
0.439844
0.444436
0.449027
0.453619
0.45821
0.462802
0.467394
0.471985
0.476577
0.481168
0.48576
0.490352
0.494943
0.499535
0.504126
0.508718
0.513309
0.517901
0.522493
0.527084
0.531676
0.536267
0.540859
0.545451
0.550042
0.554634
0.559225
0.563817
0.568409
0.573
0.577592
0.582183
0.586775
0.591367
0.595958
0.60055
0.605141
0.609733
0.614324
0.618916
0.623508
0.628099
0.632691
0.637282
0.641874
0.646466
0.651057
0.655649
0.66024
0.664832
0.669424
0.674015
0.678607
0.683198
0.68779
0.692382
0.696973
0.701565
0.706156
0.710748
0.715339
0.719931
0.724523
0.729114
0.733706
0.738297
0.742889
0.747481
0.752072
0.756649
0.761226
0.765802
0.770379
0.774956
0.779532
0.784109
0.788686
0.793262
0.797839
0.802416
0.806992
0.811569
0.816146
0.820722
0.825299
0.829876
0.834453
0.839029
0.843606
0.848183
0.852759
0.857336
0.861913
0.866489
0.871066
0.875643
0.880219
0.884796
0.889373
0.893949
0.898526
0.903103
0.907679
0.912256
0.916833
0.92141
0.925986
0.930563
0.93514
0.939716
0.944293
0.94887
0.953446
0.958023
0.9626
0.967176
0.971753
0.97633
0.980906
0.985483
0.99006
0.994637
0.999213
1.00379
1.00837
1.01294
1.01752
1.0221
1.02667
1.03125
1.03583
1.0404
1.04498
1.04956
1.05413
1.05871
1.06329
1.06786
1.07244
1.07702
1.08159
1.08617
1.09075
1.09532
1.0999
1.10448
1.10905
1.11363
1.11821
1.12278
1.12736
1.13194
1.13651
1.14109
1.14567
1.15024
1.15482
1.1594
1.16397
1.16855
1.17313
1.1777
1.18228
1.18686
1.19143
1.19601
1.20059
1.20516
1.20974
1.21432
1.21889
1.22347
1.22805
1.23262
1.2372
1.24178
1.24635
1.25093
1.25551
1.26008
1.26466
1.26924
1.27381
1.27839
1.28297
1.28751
1.29206
1.29661
1.30116
1.3057
1.31025
1.3148
1.31934
1.32389
1.32844
1.33298
1.33753
1.34208
1.34663
1.35117
1.35572
1.36027
1.36481
1.36936
1.37391
1.37845
1.383
1.38755
1.3921
1.39664
1.40119
1.40574
1.41028
1.41483
1.41938
1.42392
1.42847
1.43302
1.43757
1.44211
1.44666
1.45121
1.45575
1.4603
1.46485
1.46939
1.47394
1.47849
1.48304
1.48758
1.49213
1.49668
1.50122
1.50577
1.51032
1.51486
1.51941
1.52396
1.52851
1.53305
1.5376
1.54215
1.54669
1.55124
1.55579
1.56033
1.56488
1.56943
1.57398
1.57852
1.58307
1.58762
1.59216
1.59671
1.60126
1.6058
1.61035
1.6149
1.61945
1.62399
1.62854
1.63309
1.63763
1.64218
1.64673
1.65127
1.65582
1.66037
1.66492
1.66946
1.67401
1.67856
1.6831
1.68765
1.6922
1.69674
1.70129
1.70584
1.71039
1.71493
1.71948
1.72403
1.72857
1.73312
1.73767
1.74221
1.74676
1.75131
1.75586
1.7604
1.76495
1.7695
1.77404
1.77859
1.78314
1.78768
1.79223
1.79678
1.80133
1.80587
1.81042
1.81497
1.81951
1.82406
1.82861
1.83317
1.83773
1.84229
1.84685
1.85141
1.85597
1.86053
1.86509
1.86965
1.87421
1.87877
1.88333
1.88789
1.89245
1.89701
1.90157
1.90613
1.91069
1.91525
1.91981
1.92437
1.92893
1.93349
1.93805
1.94261
1.94717
1.95173
1.95629
1.96085
1.96541
1.96997
1.97453
1.97909
1.98365
1.98821
1.99277
1.99733
2.00189
2.00645
2.01101
2.01557
2.02013
2.02469
2.02924
2.0338
2.03836
2.04292
2.04748
2.05204
2.0566
2.06116
2.06572
2.07028
2.07484
2.0794
2.08396
2.08852
2.09308
2.09764
2.1022
2.10676
2.11132
2.11588
2.12044
2.125
2.12956
2.13412
2.13868
2.14324
2.1478
2.15236
2.15692
2.16148
2.16604
2.1706
2.17516
2.17972
2.18428
2.18884
2.1934
2.19796
2.20252
2.20708
2.21164
2.2162
2.22076
2.22532
2.22981
2.23429
2.23877
2.24325
2.24773
2.25222
2.2567
2.26118
2.26566
2.27015
2.27463
2.27911
2.28359
2.28807
2.29256
2.29704
2.30152
2.306
2.31049
2.31497
2.31945
2.32393
2.32842
2.3329
2.33738
2.34186
2.34634
2.35083
2.35531
2.35979
2.36427
2.36876
2.37324
2.37772
2.3822
2.38668
2.39117
2.39565
2.40013
2.40461
2.4091
2.41358
2.41806
2.42254
2.42702
2.43151
2.43599
2.44047
2.44495
2.44944
2.45392
2.4584
2.46288
2.46737
2.47185
2.47633
2.48081
2.48529
2.48978
2.49426
2.49874
2.50322
2.50771
2.51219
2.51667
2.52115
2.52563
2.53012
2.5346
2.53908
2.54356
2.54805
2.55253
2.55701
2.56149
2.56598
2.57046
2.57494
2.57942
2.5839
2.58839
2.59287
2.59735
2.60183
2.60629
2.61074
2.6152
2.61965
2.6241
2.62856
2.63301
2.63747
2.64192
2.64638
2.65083
2.65528
2.65974
2.66419
2.66865
2.6731
2.67755
2.68201
2.68646
2.69092
2.69537
2.69983
2.70428
2.70873
2.71319
2.71764
2.7221
2.72655
