0
0.00458445
0.0091689
0.0137534
0.0183378
0.0229223
0.0275067
0.0320912
0.0366756
0.0412601
0.0458445
0.050429
0.0550134
0.0595979
0.0641823
0.0687668
0.0733512
0.0779357
0.0825201
0.0871046
0.091689
0.0962735
0.100858
0.105442
0.110027
0.114611
0.119196
0.12378
0.128365
0.132949
0.137534
0.142118
0.146702
0.151287
0.155871
0.160456
0.16504
0.169625
0.174209
0.178794
0.183378
0.187962
0.192547
0.197131
0.201716
0.2063
0.210885
0.215469
0.220054
0.224638
0.229223
0.233807
0.238391
0.242976
0.24756
0.252145
0.256729
0.261314
0.265898
0.270483
0.275067
0.279651
0.284236
0.28882
0.293405
0.297989
0.302574
0.307158
0.311743
0.316327
0.320912
0.325496
0.33008
0.334665
0.339249
0.343834
0.348418
0.353003
0.357587
0.362172
0.366756
0.371341
0.375925
0.380522
0.385119
0.389716
0.394313
0.39891
0.403507
0.408104
0.412701
0.417298
0.421895
0.426492
0.431089
0.435686
0.440283
0.44488
0.449477
0.454074
0.458671
0.463268
0.467864
0.472461
0.477058
0.481655
0.486252
0.490849
0.495446
0.500043
0.50464
0.509237
0.513834
0.518431
0.523028
0.527625
0.532222
0.536819
0.541416
0.546013
0.55061
0.555207
0.559804
0.564401
0.568998
0.573595
0.578192
0.582789
0.587386
0.591983
0.59658
0.601177
0.605774
0.610371
0.614968
0.619565
0.624162
0.628759
0.633356
0.637953
0.64255
0.647147
0.651744
0.656341
0.660937
0.665534
0.670131
0.674728
0.679325
0.683922
0.688519
0.693116
0.697713
0.70231
0.706907
0.711504
0.716101
0.720698
0.725295
0.729892
0.734489
0.739086
0.743683
0.74828
0.752877
0.757467
0.762056
0.766646
0.771235
0.775825
0.780415
0.785004
0.789594
0.794184
0.798773
0.803363
0.807952
0.812542
0.817132
0.821721
0.826311
0.8309
0.83549
0.84008
0.844669
0.849259
0.853848
0.858438
0.863028
0.867617
0.872207
0.876797
0.881386
0.885976
0.890565
0.895155
0.899745
0.904334
0.908924
0.913513
0.918103
0.922693
0.927282
0.931872
0.936461
0.941051
0.945641
0.95023
0.95482
0.95941
0.963999
0.968589
0.973178
0.977768
0.982358
0.986947
0.991537
0.996126
1.00072
1.00531
1.0099
1.01448
1.01907
1.02366
1.02825
1.03284
1.03743
1.04202
1.04661
1.0512
1.05579
1.06038
1.06497
1.06956
1.07415
1.07874
1.08333
1.08792
1.09251
1.0971
1.10169
1.10628
1.11087
1.11546
1.12005
1.12464
1.12923
1.13381
1.1384
1.14299
1.14758
1.15217
1.15676
1.16135
1.16594
1.17053
1.17512
1.17971
1.1843
1.18889
1.19348
1.19807
1.20266
1.20725
1.21184
1.21643
1.22102
1.22561
1.2302
1.23479
1.23938
1.24397
1.24856
1.25314
1.25773
1.26232
1.26691
1.2715
1.27609
1.28068
1.28527
1.28982
1.29437
1.29892
1.30347
1.30802
1.31256
1.31711
1.32166
1.32621
1.33076
1.33531
1.33986
1.34441
1.34895
1.3535
1.35805
1.3626
1.36715
1.3717
1.37625
1.3808
1.38535
1.38989
1.39444
1.39899
1.40354
1.40809
1.41264
1.41719
1.42174
1.42628
1.43083
1.43538
1.43993
1.44448
1.44903
1.45358
1.45813
1.46267
1.46722
1.47177
1.47632
1.48087
1.48542
1.48997
1.49452
1.49906
1.50361
1.50816
1.51271
1.51726
1.52181
1.52636
1.53091
1.53545
1.54
1.54455
1.5491
1.55365
1.5582
1.56275
1.5673
1.57185
1.57639
1.58094
1.58549
1.59004
1.59459
1.59914
1.60369
1.60824
1.61278
1.61733
1.62188
1.62643
1.63098
1.63553
1.64008
1.64463
1.64917
1.65372
1.65827
1.66282
1.66737
1.67192
1.67647
1.68102
1.68556
1.69011
1.69466
1.69921
1.70376
1.70831
1.71286
1.71741
1.72195
1.7265
1.73105
1.7356
1.74015
1.7447
1.74925
1.7538
1.75835
1.76289
1.76744
1.77199
1.77654
1.78109
1.78564
1.79019
1.79474
1.79928
1.80383
1.80838
1.81293
1.81748
1.82203
1.82658
1.83113
1.83569
1.84024
1.8448
1.84936
1.85392
1.85848
1.86304
1.8676
1.87216
1.87672
1.88128
1.88584
1.8904
1.89496
1.89952
1.90408
1.90864
1.9132
1.91776
1.92232
1.92688
1.93143
1.93599
1.94055
1.94511
1.94967
1.95423
1.95879
1.96335
1.96791
1.97247
1.97703
1.98159
1.98615
1.99071
1.99527
1.99983
2.00439
2.00895
2.01351
2.01807
2.02263
2.02718
2.03174
2.0363
2.04086
2.04542
2.04998
2.05454
2.0591
2.06366
2.06822
2.07278
2.07734
2.0819
2.08646
2.09102
2.09558
2.10014
2.1047
2.10926
2.11382
2.11837
2.12293
2.12749
2.13205
2.13661
2.14117
2.14573
2.15029
2.15485
2.15941
2.16397
2.16853
2.17309
2.17765
2.18221
2.18677
2.19133
2.19589
2.20045
2.20501
2.20957
2.21412
2.21868
2.22324
2.2278
2.23229
2.23678
2.24127
2.24575
2.25024
2.25473
2.25922
2.2637
2.26819
2.27268
2.27717
2.28165
2.28614
2.29063
2.29512
2.2996
2.30409
2.30858
2.31307
2.31755
2.32204
2.32653
2.33102
2.3355
2.33999
2.34448
2.34897
2.35345
2.35794
2.36243
2.36692
2.3714
2.37589
2.38038
2.38487
2.38935
2.39384
2.39833
2.40282
2.4073
2.41179
2.41628
2.42077
2.42525
2.42974
2.43423
2.43872
2.4432
2.44769
2.45218
2.45667
2.46115
2.46564
2.47013
2.47462
2.4791
2.48359
2.48808
2.49257
2.49705
2.50154
2.50603
2.51052
2.515
2.51949
2.52398
2.52847
2.53295
2.53744
2.54193
2.54642
2.5509
2.55539
2.55988
2.56437
2.56885
2.57334
2.57783
2.58232
2.58681
2.59129
2.59578
2.60027
2.60476
2.60927
2.61378
2.61829
2.6228
2.62731
2.63182
2.63633
2.64085
2.64536
2.64987
2.65438
2.65889
2.6634
2.66791
2.67243
2.67694
2.68145
2.68596
2.69047
2.69498
2.69949
2.70401
2.70852
2.71303
2.71754
2.72205
2.72656
2.73107
