0
0.00459842
0.00919683
0.0137952
0.0183937
0.0229921
0.0275905
0.0321889
0.0367873
0.0413857
0.0459842
0.0505826
0.055181
0.0597794
0.0643778
0.0689762
0.0735746
0.0781731
0.0827715
0.0873699
0.0919683
0.0965667
0.101165
0.105764
0.110362
0.11496
0.119559
0.124157
0.128756
0.133354
0.137952
0.142551
0.147149
0.151748
0.156346
0.160945
0.165543
0.170141
0.17474
0.179338
0.183937
0.188535
0.193133
0.197732
0.20233
0.206929
0.211527
0.216126
0.220724
0.225322
0.229921
0.234519
0.239118
0.243716
0.248314
0.252913
0.257511
0.26211
0.266708
0.271307
0.275905
0.280503
0.285102
0.2897
0.294299
0.298897
0.303495
0.308094
0.312692
0.317291
0.321889
0.326487
0.331086
0.335684
0.340283
0.344881
0.34948
0.354078
0.358676
0.363275
0.367873
0.372472
0.37707
0.381639
0.386207
0.390776
0.395344
0.399913
0.404482
0.40905
0.413619
0.418187
0.422756
0.427324
0.431893
0.436462
0.44103
0.445599
0.450167
0.454736
0.459304
0.463873
0.468442
0.47301
0.477579
0.482147
0.486716
0.491284
0.495853
0.500422
0.50499
0.509559
0.514127
0.518696
0.523264
0.527833
0.532402
0.53697
0.541539
0.546107
0.550676
0.555245
0.559813
0.564382
0.56895
0.573519
0.578087
0.582656
0.587225
0.591793
0.596362
0.60093
0.605499
0.610067
0.614636
0.619205
0.623773
0.628342
0.63291
0.637479
0.642047
0.646616
0.651185
0.655753
0.660322
0.66489
0.669459
0.674027
0.678596
0.683165
0.687733
0.692302
0.69687
0.701439
0.706008
0.710576
0.715145
0.719713
0.724282
0.72885
0.733419
0.737988
0.742556
0.747125
0.751693
0.756276
0.760858
0.76544
0.770022
0.774604
0.779187
0.783769
0.788351
0.792933
0.797516
0.802098
0.80668
0.811262
0.815845
0.820427
0.825009
0.829591
0.834173
0.838756
0.843338
0.84792
0.852502
0.857085
0.861667
0.866249
0.870831
0.875414
0.879996
0.884578
0.88916
0.893742
0.898325
0.902907
0.907489
0.912071
0.916654
0.921236
0.925818
0.9304
0.934983
0.939565
0.944147
0.948729
0.953311
0.957894
0.962476
0.967058
0.97164
0.976223
0.980805
0.985387
0.989969
0.994552
0.999134
1.00372
1.0083
1.01288
1.01746
1.02204
1.02663
1.03121
1.03579
1.04037
1.04496
1.04954
1.05412
1.0587
1.06328
1.06787
1.07245
1.07703
1.08161
1.0862
1.09078
1.09536
1.09994
1.10453
1.10911
1.11369
1.11827
1.12285
1.12744
1.13202
1.1366
1.14118
1.14577
1.15035
1.15493
1.15951
1.16409
1.16868
1.17326
1.17784
1.18242
1.18701
1.19159
1.19617
1.20075
1.20533
1.20992
1.2145
1.21908
1.22366
1.22825
1.23283
1.23741
1.24199
1.24657
1.25116
1.25574
1.26032
1.2649
1.26949
1.27407
1.27865
1.28323
1.28778
1.29233
1.29688
1.30143
1.30598
1.31053
1.31508
1.31963
1.32418
1.32873
1.33328
1.33782
1.34237
1.34692
1.35147
1.35602
1.36057
1.36512
1.36967
1.37422
1.37877
1.38332
1.38787
1.39242
1.39697
1.40152
1.40607
1.41061
1.41516
1.41971
1.42426
1.42881
1.43336
1.43791
1.44246
1.44701
1.45156
1.45611
1.46066
1.46521
1.46976
1.47431
1.47886
1.4834
1.48795
1.4925
1.49705
1.5016
1.50615
1.5107
1.51525
1.5198
1.52435
1.5289
1.53345
1.538
1.54255
1.5471
1.55165
1.55619
1.56074
1.56529
1.56984
1.57439
1.57894
1.58349
1.58804
1.59259
1.59714
1.60169
1.60624
1.61079
1.61534
1.61989
1.62444
1.62898
1.63353
1.63808
1.64263
1.64718
1.65173
1.65628
1.66083
1.66538
1.66993
1.67448
1.67903
1.68358
1.68813
1.69268
1.69723
1.70177
1.70632
1.71087
1.71542
1.71997
1.72452
1.72907
1.73362
1.73817
1.74272
1.74727
1.75182
1.75637
1.76092
1.76547
1.77002
1.77456
1.77911
1.78366
1.78821
1.79276
1.79731
1.80186
1.80641
1.81096
1.81551
1.82006
1.82461
1.82916
1.83371
1.83826
1.84281
1.84736
1.85191
1.85646
1.86101
1.86555
1.8701
1.87465
1.8792
1.88375
1.8883
1.89285
1.8974
1.90195
1.9065
1.91105
1.9156
1.92015
1.9247
1.92925
1.9338
1.93835
1.9429
1.94745
1.952
1.95655
1.9611
1.96565
1.9702
1.97475
1.9793
1.98385
1.9884
1.99295
1.9975
2.00205
2.0066
2.01115
2.01569
2.02024
2.02479
2.02934
2.03389
2.03844
2.04299
2.04754
2.05209
2.05664
2.06119
2.06574
2.07029
2.07484
2.07939
2.08394
2.08849
2.09304
2.09759
2.10214
2.10669
2.11124
2.11579
2.12034
2.12489
2.12944
2.13399
2.13854
2.14309
2.14764
2.15219
2.15674
2.16129
2.16583
2.17038
2.17493
2.17948
2.18403
2.18858
2.19313
2.19768
2.20223
2.20678
2.21133
2.21588
2.22043
2.22498
2.22944
2.2339
2.23836
2.24282
2.24728
2.25174
2.2562
2.26066
2.26512
2.26958
2.27404
2.2785
2.28296
2.28742
2.29188
2.29634
2.3008
2.30526
2.30972
2.31418
2.31864
2.3231
2.32756
2.33202
2.33648
2.34094
2.3454
2.34986
2.35432
2.35877
2.36323
2.36769
2.37215
2.37661
2.38107
2.38553
2.38999
2.39445
2.39891
2.40337
2.40783
2.41229
2.41675
2.42121
2.42567
2.43013
2.43459
2.43905
2.44351
2.44797
2.45243
2.45689
2.46135
2.46581
2.47027
2.47473
2.47919
2.48365
2.48811
2.49257
2.49703
2.50149
2.50595
2.51041
2.51487
2.51933
2.52379
2.52825
2.53271
2.53717
2.54163
2.54609
2.55055
2.55501
2.55947
2.56393
2.56839
2.57285
2.57731
2.58176
2.58622
2.59068
2.59514
2.5996
2.60407
2.60853
2.61299
2.61746
2.62192
2.62638
2.63085
2.63531
2.63977
2.64424
2.6487
2.65316
2.65763
2.66209
2.66655
2.67102
2.67548
2.67995
2.68441
2.68887
2.69334
2.6978
2.70226
2.70673
2.71119
2.71565
2.72012
2.72458
